7.982160000000000366e-01 2.801969999999999739e-01 4.695380000000000109e-01 1.000000000000000000e+00
7.982160000000000366e-01 2.801969999999999739e-01 4.695380000000000109e-01 1.000000000000000000e+00
7.982160000000000366e-01 2.801969999999999739e-01 4.695380000000000109e-01 1.000000000000000000e+00
7.945489999999999498e-01 2.757700000000000151e-01 4.731170000000000098e-01 1.000000000000000000e+00
5.950109999999999566e-01 7.718999999999999473e-02 6.279169999999999474e-01 1.000000000000000000e+00
7.442320000000000046e-01 2.182880000000000098e-01 5.205239999999999867e-01 1.000000000000000000e+00
7.442320000000000046e-01 2.182880000000000098e-01 5.205239999999999867e-01 1.000000000000000000e+00
5.179329999999999767e-01 2.156299999999999883e-02 6.541090000000000515e-01 1.000000000000000000e+00
8.692029999999999479e-01 3.742119999999999891e-01 3.967379999999999796e-01 1.000000000000000000e+00
9.448440000000000172e-01 5.076580000000000537e-01 3.024330000000000074e-01 1.000000000000000000e+00
7.945489999999999498e-01 2.757700000000000151e-01 4.731170000000000098e-01 1.000000000000000000e+00
7.148830000000000462e-01 1.872989999999999933e-01 5.463379999999999903e-01 1.000000000000000000e+00
2.413959999999999995e-01 1.497899999999999926e-02 6.102589999999999959e-01 1.000000000000000000e+00
3.748969999999999803e-01 2.245000000000000034e-03 6.518760000000000110e-01 1.000000000000000000e+00
7.191809999999999592e-01 1.917290000000000105e-01 5.426630000000000065e-01 1.000000000000000000e+00
7.191809999999999592e-01 1.917290000000000105e-01 5.426630000000000065e-01 1.000000000000000000e+00
6.360080000000000178e-01 1.120919999999999972e-01 6.052049999999999930e-01 1.000000000000000000e+00
9.702049999999999841e-01 5.750279999999999836e-01 2.583250000000000268e-01 1.000000000000000000e+00
7.833830000000000515e-01 2.625000000000000111e-01 4.839180000000000148e-01 1.000000000000000000e+00
7.833830000000000515e-01 2.625000000000000111e-01 4.839180000000000148e-01 1.000000000000000000e+00
7.833830000000000515e-01 2.625000000000000111e-01 4.839180000000000148e-01 1.000000000000000000e+00
3.188559999999999728e-01 7.576000000000000269e-03 6.376399999999999846e-01 1.000000000000000000e+00
3.933039999999999869e-01 1.113999999999999973e-03 6.551989999999999759e-01 1.000000000000000000e+00
8.784229999999999539e-01 3.879319999999999991e-01 3.865999999999999992e-01 1.000000000000000000e+00
6.745219999999999549e-01 1.474189999999999945e-01 5.786879999999999802e-01 1.000000000000000000e+00
7.148830000000000462e-01 1.872989999999999933e-01 5.463379999999999903e-01 1.000000000000000000e+00
6.745219999999999549e-01 1.474189999999999945e-01 5.786879999999999802e-01 1.000000000000000000e+00
8.874020000000000241e-01 4.017620000000000080e-01 3.764939999999999953e-01 1.000000000000000000e+00
8.874020000000000241e-01 4.017620000000000080e-01 3.764939999999999953e-01 1.000000000000000000e+00
7.105489999999999862e-01 1.828680000000000028e-01 5.500040000000000484e-01 1.000000000000000000e+00
6.837579999999999769e-01 1.562780000000000002e-01 5.716599999999999460e-01 1.000000000000000000e+00
6.837579999999999769e-01 1.562780000000000002e-01 5.716599999999999460e-01 1.000000000000000000e+00
6.837579999999999769e-01 1.562780000000000002e-01 5.716599999999999460e-01 1.000000000000000000e+00
5.179329999999999767e-01 2.156299999999999883e-02 6.541090000000000515e-01 1.000000000000000000e+00
8.753760000000000430e-01 3.833469999999999933e-01 3.899759999999999893e-01 1.000000000000000000e+00
5.736320000000000308e-01 6.002799999999999803e-02 6.373490000000000544e-01 1.000000000000000000e+00
5.736320000000000308e-01 6.002799999999999803e-02 6.373490000000000544e-01 1.000000000000000000e+00
8.334219999999999962e-01 3.246350000000000069e-01 4.343659999999999743e-01 1.000000000000000000e+00
8.814429999999999765e-01 3.925290000000000168e-01 3.832289999999999863e-01 1.000000000000000000e+00
9.127999999999999448e-01 4.440290000000000070e-01 3.462509999999999755e-01 1.000000000000000000e+00
7.482889999999999819e-01 2.227109999999999923e-01 5.168340000000000156e-01 1.000000000000000000e+00
6.458720000000000017e-01 1.208980000000000055e-01 5.988670000000000382e-01 1.000000000000000000e+00
6.507460000000000466e-01 1.253090000000000037e-01 5.956169999999999520e-01 1.000000000000000000e+00
9.778559999999999475e-01 6.020510000000000028e-01 2.413869999999999905e-01 1.000000000000000000e+00
9.778559999999999475e-01 6.020510000000000028e-01 2.413869999999999905e-01 1.000000000000000000e+00
6.603740000000000165e-01 1.341440000000000132e-01 5.889710000000000223e-01 1.000000000000000000e+00
9.470509999999999762e-01 5.126990000000000158e-01 2.990490000000000093e-01 1.000000000000000000e+00
5.038299999999999723e-02 2.980299999999999963e-02 5.279749999999999721e-01 1.000000000000000000e+00
6.698450000000000237e-01 1.429920000000000080e-01 5.821539999999999493e-01 1.000000000000000000e+00
2.677030000000000243e-01 1.271599999999999987e-02 6.203459999999999530e-01 1.000000000000000000e+00
9.944950000000000179e-01 7.408799999999999830e-01 1.663350000000000106e-01 1.000000000000000000e+00
6.054850000000000509e-01 8.585399999999999976e-02 6.226859999999999618e-01 1.000000000000000000e+00
1.406030000000000058e-01 2.168700000000000142e-02 5.669589999999999907e-01 1.000000000000000000e+00
8.660780000000000145e-01 3.696599999999999886e-01 4.001259999999999817e-01 1.000000000000000000e+00
8.660780000000000145e-01 3.696599999999999886e-01 4.001259999999999817e-01 1.000000000000000000e+00
9.725300000000000056e-01 8.812499999999999778e-01 1.449229999999999963e-01 1.000000000000000000e+00
6.106669999999999598e-01 9.020400000000000640e-02 6.199510000000000298e-01 1.000000000000000000e+00
4.948770000000000113e-01 1.199000000000000066e-02 6.578650000000000331e-01 1.000000000000000000e+00
9.379899999999999904e-01 4.926670000000000216e-01 3.125749999999999917e-01 1.000000000000000000e+00
2.546269999999999922e-01 1.388200000000000024e-02 6.154190000000000493e-01 1.000000000000000000e+00
5.950109999999999566e-01 7.718999999999999473e-02 6.279169999999999474e-01 1.000000000000000000e+00
9.400150000000000450e-01 9.751579999999999693e-01 1.313259999999999983e-01 1.000000000000000000e+00
7.234439999999999760e-01 1.961579999999999990e-01 5.389810000000000434e-01 1.000000000000000000e+00
8.629269999999999996e-01 3.651190000000000269e-01 4.035190000000000166e-01 1.000000000000000000e+00
7.641930000000000112e-01 2.403959999999999986e-01 5.021259999999999613e-01 1.000000000000000000e+00
9.918970000000000287e-01 7.842390000000000194e-01 1.510420000000000096e-01 1.000000000000000000e+00
9.283289999999999598e-01 4.729749999999999788e-01 3.260669999999999957e-01 1.000000000000000000e+00
6.928400000000000114e-01 1.651410000000000100e-01 5.645219999999999683e-01 1.000000000000000000e+00
8.231319999999999748e-01 3.112610000000000099e-01 4.448059999999999792e-01 1.000000000000000000e+00
4.596230000000000038e-01 3.573999999999999920e-03 6.602770000000000028e-01 1.000000000000000000e+00
4.596230000000000038e-01 3.573999999999999920e-03 6.602770000000000028e-01 1.000000000000000000e+00
8.989840000000000053e-01 4.203919999999999879e-01 3.630470000000000086e-01 1.000000000000000000e+00
8.784229999999999539e-01 3.879319999999999991e-01 3.865999999999999992e-01 1.000000000000000000e+00
9.046009999999999884e-01 4.297969999999999846e-01 3.563290000000000068e-01 1.000000000000000000e+00
9.046009999999999884e-01 4.297969999999999846e-01 3.563290000000000068e-01 1.000000000000000000e+00
8.401549999999999851e-01 3.335799999999999876e-01 4.274549999999999739e-01 1.000000000000000000e+00
7.833830000000000515e-01 2.625000000000000111e-01 4.839180000000000148e-01 1.000000000000000000e+00
7.833830000000000515e-01 2.625000000000000111e-01 4.839180000000000148e-01 1.000000000000000000e+00
9.853009999999999824e-01 6.353299999999999503e-01 2.212649999999999895e-01 1.000000000000000000e+00
9.853009999999999824e-01 6.353299999999999503e-01 2.212649999999999895e-01 1.000000000000000000e+00
8.784229999999999539e-01 3.879319999999999991e-01 3.865999999999999992e-01 1.000000000000000000e+00
8.784229999999999539e-01 3.879319999999999991e-01 3.865999999999999992e-01 1.000000000000000000e+00
7.191809999999999592e-01 1.917290000000000105e-01 5.426630000000000065e-01 1.000000000000000000e+00
9.863450000000000273e-01 6.409690000000000110e-01 2.179480000000000028e-01 1.000000000000000000e+00
9.863450000000000273e-01 6.409690000000000110e-01 2.179480000000000028e-01 1.000000000000000000e+00
3.933039999999999869e-01 1.113999999999999973e-03 6.551989999999999759e-01 1.000000000000000000e+00
8.334219999999999962e-01 3.246350000000000069e-01 4.343659999999999743e-01 1.000000000000000000e+00
9.830410000000000537e-01 6.241309999999999913e-01 2.279370000000000007e-01 1.000000000000000000e+00
9.613359999999999683e-01 5.486360000000000126e-01 2.753050000000000219e-01 1.000000000000000000e+00
9.613359999999999683e-01 5.486360000000000126e-01 2.753050000000000219e-01 1.000000000000000000e+00
7.908549999999999747e-01 2.713450000000000029e-01 4.767060000000000186e-01 1.000000000000000000e+00
9.018070000000000253e-01 4.250869999999999926e-01 3.596880000000000077e-01 1.000000000000000000e+00
6.360080000000000178e-01 1.120919999999999972e-01 6.052049999999999930e-01 1.000000000000000000e+00
8.844359999999999999e-01 3.971390000000000198e-01 3.798599999999999755e-01 1.000000000000000000e+00
8.844359999999999999e-01 3.971390000000000198e-01 3.798599999999999755e-01 1.000000000000000000e+00
3.314259999999999984e-01 6.261000000000000072e-03 6.413159999999999972e-01 1.000000000000000000e+00
8.932499999999999885e-01 4.110480000000000245e-01 3.697679999999999856e-01 1.000000000000000000e+00
9.906810000000000338e-01 6.695579999999999865e-01 2.016419999999999879e-01 1.000000000000000000e+00
9.613359999999999683e-01 5.486360000000000126e-01 2.753050000000000219e-01 1.000000000000000000e+00
9.906810000000000338e-01 6.695579999999999865e-01 2.016419999999999879e-01 1.000000000000000000e+00
