2.996273393981681299e-03
8.988820181945043897e-03
1.498136696990840649e-02
2.097391375787176909e-02
2.696646054583513169e-02
3.295900733379849429e-02
3.895155412176185689e-02
4.494410090972521948e-02
5.093664769768858208e-02
5.692919448565194468e-02
6.292174127361530034e-02
6.891428806157867681e-02
7.490683484954202553e-02
8.089938163750540201e-02
8.689192842546875073e-02
9.288447521343212721e-02
9.887702200139547593e-02
1.048695687893588524e-01
1.108621155773222011e-01
1.168546623652855776e-01
1.228472091532489263e-01
1.288397559412122750e-01
1.348323027291756793e-01
1.408248495171390280e-01
1.468173963051023767e-01
1.528099430930657254e-01
1.588024898810291297e-01
1.647950366689924784e-01
1.707875834569558271e-01
1.767801302449191758e-01
1.827726770328825801e-01
1.887652238208459288e-01
1.947577706088092775e-01
2.007503173967726262e-01
2.067428641847360304e-01
2.127354109726993792e-01
2.187279577606627279e-01
2.247205045486260766e-01
2.307130513365894808e-01
2.367055981245528296e-01
2.426981449125161783e-01
2.486906917004795270e-01
2.546832384884428757e-01
2.606757852764062799e-01
2.666683320643696287e-01
2.726608788523330329e-01
2.786534256402963816e-01
2.846459724282597303e-01
2.906385192162230791e-01
2.966310660041864278e-01
3.026236127921497765e-01
3.086161595801131807e-01
3.146087063680765294e-01
3.206012531560399337e-01
3.265937999440032824e-01
3.325863467319666311e-01
3.385788935199299798e-01
3.445714403078933286e-01
3.505639870958566773e-01
3.565565338838200815e-01
3.625490806717834302e-01
3.685416274597468345e-01
3.745341742477101832e-01
3.805267210356735319e-01
3.865192678236368806e-01
3.925118146116002293e-01
3.985043613995635781e-01
4.044969081875269823e-01
4.104894549754903310e-01
4.164820017634537352e-01
4.224745485514170840e-01
4.284670953393804327e-01
4.344596421273437814e-01
4.404521889153071301e-01
4.464447357032704788e-01
4.524372824912338831e-01
4.584298292791972318e-01
4.644223760671606360e-01
4.704149228551239847e-01
4.764074696430873335e-01
4.824000164310506822e-01
4.883925632190140309e-01
4.943851100069773796e-01
5.003776567949407283e-01
5.063702035829040771e-01
5.123627503708675368e-01
5.183552971588308855e-01
5.243478439467942342e-01
5.303403907347575830e-01
5.363329375227209317e-01
5.423254843106842804e-01
5.483180310986477402e-01
5.543105778866110889e-01
5.603031246745744376e-01
5.662956714625377863e-01
5.722882182505011350e-01
5.782807650384644838e-01
5.842733118264278325e-01
5.902658586143911812e-01
5.962584054023545299e-01
6.022509521903178786e-01
6.082434989782813384e-01
6.142360457662446871e-01
6.202285925542080358e-01
6.262211393421713845e-01
6.322136861301347333e-01
6.382062329180980820e-01
6.441987797060615417e-01
6.501913264940248904e-01
6.561838732819882392e-01
6.621764200699515879e-01
6.681689668579149366e-01
6.741615136458782853e-01
6.801540604338416340e-01
6.861466072218049828e-01
6.921391540097683315e-01
6.981317007977316802e-01
7.041242475856951399e-01
7.101167943736584887e-01
7.161093411616218374e-01
7.221018879495851861e-01
7.280944347375485348e-01
7.340869815255118835e-01
7.400795283134753433e-01
7.460720751014386920e-01
7.520646218894020407e-01
7.580571686773653894e-01
7.640497154653287382e-01
7.700422622532920869e-01
7.760348090412554356e-01
7.820273558292187843e-01
7.880199026171821330e-01
7.940124494051454818e-01
8.000049961931089415e-01
8.059975429810722902e-01
8.119900897690356389e-01
8.179826365569989877e-01
8.239751833449623364e-01
8.299677301329256851e-01
8.359602769208891448e-01
8.419528237088524936e-01
8.479453704968158423e-01
8.539379172847791910e-01
8.599304640727425397e-01
8.659230108607058884e-01
8.719155576486692372e-01
8.779081044366325859e-01
8.839006512245959346e-01
8.898931980125592833e-01
8.958857448005227431e-01
9.018782915884860918e-01
9.078708383764494405e-01
9.138633851644127892e-01
9.198559319523761380e-01
9.258484787403394867e-01
9.318410255283029464e-01
9.378335723162662951e-01
9.438261191042296439e-01
9.498186658921929926e-01
9.558112126801563413e-01
9.618037594681196900e-01
9.677963062560830387e-01
9.737888530440463875e-01
9.797813998320097362e-01
9.857739466199730849e-01
9.917664934079365446e-01
9.977590401958997823e-01
1.003751586983863131e+00
1.009744133771826480e+00
1.015736680559790051e+00
1.021729227347753399e+00
1.027721774135716748e+00
1.033714320923680097e+00
1.039706867711643445e+00
1.045699414499606794e+00
1.051691961287570143e+00
1.057684508075533492e+00
1.063677054863496840e+00
1.069669601651460189e+00
1.075662148439423538e+00
1.081654695227386886e+00
1.087647242015350235e+00
1.093639788803313584e+00
1.099632335591277155e+00
1.105624882379240503e+00
1.111617429167203852e+00
1.117609975955167201e+00
1.123602522743130550e+00
1.129595069531093898e+00
1.135587616319057247e+00
1.141580163107020596e+00
1.147572709894983944e+00
1.153565256682947293e+00
1.159557803470910642e+00
1.165550350258873991e+00
1.171542897046837339e+00
1.177535443834800688e+00
1.183527990622764037e+00
1.189520537410727385e+00
1.195513084198690734e+00
1.201505630986654083e+00
1.207498177774617654e+00
1.213490724562581002e+00
1.219483271350544351e+00
1.225475818138507700e+00
1.231468364926471049e+00
1.237460911714434397e+00
1.243453458502397746e+00
1.249446005290361095e+00
1.255438552078324443e+00
1.261431098866287792e+00
1.267423645654251141e+00
1.273416192442214490e+00
1.279408739230177838e+00
1.285401286018141187e+00
1.291393832806104758e+00
1.297386379594068107e+00
1.303378926382031455e+00
1.309371473169994804e+00
1.315364019957958153e+00
1.321356566745921501e+00
1.327349113533884850e+00
1.333341660321848199e+00
1.339334207109811548e+00
1.345326753897774896e+00
1.351319300685738245e+00
1.357311847473701594e+00
1.363304394261664942e+00
1.369296941049628291e+00
1.375289487837591640e+00
1.381282034625554989e+00
1.387274581413518337e+00
1.393267128201481686e+00
1.399259674989445257e+00
1.405252221777408606e+00
1.411244768565371954e+00
1.417237315353335303e+00
1.423229862141298652e+00
1.429222408929262000e+00
1.435214955717225349e+00
1.441207502505188698e+00
1.447200049293152047e+00
1.453192596081115395e+00
1.459185142869078744e+00
1.465177689657042093e+00
1.471170236445005441e+00
1.477162783232968790e+00
1.483155330020932361e+00
1.489147876808895710e+00
1.495140423596859058e+00
1.501132970384822407e+00
1.507125517172785756e+00
1.513118063960749105e+00
1.519110610748712453e+00
1.525103157536675802e+00
1.531095704324639151e+00
1.537088251112602499e+00
1.543080797900565848e+00
1.549073344688529197e+00
1.555065891476492546e+00
1.561058438264455894e+00
1.567050985052419243e+00
1.573043531840382592e+00
1.579036078628345940e+00
1.585028625416309289e+00
1.591021172204272860e+00
1.597013718992236209e+00
1.603006265780199557e+00
1.608998812568162906e+00
1.614991359356126255e+00
1.620983906144089604e+00
1.626976452932052952e+00
1.632968999720016301e+00
1.638961546507979650e+00
1.644954093295942998e+00
1.650946640083906347e+00
1.656939186871869696e+00
1.662931733659833045e+00
1.668924280447796393e+00
1.674916827235759964e+00
1.680909374023723313e+00
1.686901920811686661e+00
1.692894467599650010e+00
1.698887014387613359e+00
1.704879561175576708e+00
1.710872107963540056e+00
1.716864654751503405e+00
1.722857201539466754e+00
1.728849748327430103e+00
1.734842295115393451e+00
1.740834841903356800e+00
1.746827388691320149e+00
1.752819935479283497e+00
1.758812482267246846e+00
1.764805029055210195e+00
1.770797575843173544e+00
1.776790122631136892e+00
1.782782669419100463e+00
1.788775216207063812e+00
1.794767762995027160e+00
1.800760309782990509e+00
1.806752856570953858e+00
1.812745403358917207e+00
1.818737950146880555e+00
1.824730496934843904e+00
1.830723043722807253e+00
1.836715590510770602e+00
1.842708137298733950e+00
1.848700684086697299e+00
1.854693230874660648e+00
1.860685777662623996e+00
1.866678324450587567e+00
1.872670871238550916e+00
1.878663418026514265e+00
1.884655964814477613e+00
1.890648511602440962e+00
1.896641058390404311e+00
1.902633605178367660e+00
1.908626151966331008e+00
1.914618698754294357e+00
1.920611245542257706e+00
1.926603792330221054e+00
1.932596339118184403e+00
1.938588885906147752e+00
1.944581432694111101e+00
1.950573979482074449e+00
1.956566526270037798e+00
1.962559073058001147e+00
1.968551619845964495e+00
1.974544166633928066e+00
1.980536713421891415e+00
1.986529260209854764e+00
1.992521806997818112e+00
1.998514353785781239e+00
2.004506900573744588e+00
2.010499447361707936e+00
2.016491994149671285e+00
2.022484540937635078e+00
2.028477087725598427e+00
2.034469634513561775e+00
2.040462181301525124e+00
2.046454728089488473e+00
2.052447274877451822e+00
2.058439821665415170e+00
2.064432368453378519e+00
2.070424915241341868e+00
2.076417462029305216e+00
2.082410008817268565e+00
2.088402555605231914e+00
2.094395102393195263e+00
2.100387649181158611e+00
2.106380195969121960e+00
2.112372742757085309e+00
2.118365289545048658e+00
2.124357836333012006e+00
2.130350383120975355e+00
2.136342929908938704e+00
2.142335476696902052e+00
2.148328023484865401e+00
2.154320570272828750e+00
2.160313117060792099e+00
2.166305663848755447e+00
2.172298210636718796e+00
2.178290757424682145e+00
2.184283304212645493e+00
2.190275851000608842e+00
2.196268397788572191e+00
2.202260944576535984e+00
2.208253491364499332e+00
2.214246038152462681e+00
2.220238584940426030e+00
2.226231131728389379e+00
2.232223678516352727e+00
2.238216225304316076e+00
2.244208772092279425e+00
2.250201318880242773e+00
2.256193865668206122e+00
2.262186412456169471e+00
2.268178959244132820e+00
2.274171506032096168e+00
2.280164052820059517e+00
2.286156599608022866e+00
2.292149146395986214e+00
2.298141693183949563e+00
2.304134239971912912e+00
2.310126786759876261e+00
2.316119333547839609e+00
2.322111880335802958e+00
2.328104427123766307e+00
2.334096973911729656e+00
2.340089520699693004e+00
2.346082067487656353e+00
2.352074614275619702e+00
2.358067161063583050e+00
2.364059707851546399e+00
2.370052254639509748e+00
2.376044801427473097e+00
2.382037348215436445e+00
2.388029895003399794e+00
2.394022441791363143e+00
2.400014988579326491e+00
2.406007535367290284e+00
2.412000082155253633e+00
2.417992628943216982e+00
2.423985175731180330e+00
2.429977722519143679e+00
2.435970269307107028e+00
2.441962816095070377e+00
2.447955362883033725e+00
2.453947909670997074e+00
2.459940456458960423e+00
2.465933003246923771e+00
2.471925550034887120e+00
2.477918096822850469e+00
2.483910643610813818e+00
2.489903190398777166e+00
2.495895737186740515e+00
2.501888283974703864e+00
2.507880830762667212e+00
2.513873377550630561e+00
2.519865924338593910e+00
2.525858471126557259e+00
2.531851017914520607e+00
2.537843564702483956e+00
2.543836111490447305e+00
2.549828658278410654e+00
2.555821205066374002e+00
2.561813751854337351e+00
2.567806298642300700e+00
2.573798845430264048e+00
2.579791392218227397e+00
2.585783939006191190e+00
2.591776485794154539e+00
2.597769032582117887e+00
2.603761579370081236e+00
2.609754126158044585e+00
2.615746672946007934e+00
2.621739219733971282e+00
2.627731766521934631e+00
2.633724313309897980e+00
2.639716860097861328e+00
2.645709406885824677e+00
2.651701953673788026e+00
2.657694500461751375e+00
2.663687047249714723e+00
2.669679594037678072e+00
2.675672140825641421e+00
2.681664687613604769e+00
2.687657234401568118e+00
2.693649781189531467e+00
2.699642327977494816e+00
2.705634874765458164e+00
2.711627421553421513e+00
2.717619968341384862e+00
2.723612515129348211e+00
2.729605061917311559e+00
2.735597608705274908e+00
2.741590155493238257e+00
2.747582702281201605e+00
2.753575249069164954e+00
2.759567795857128303e+00
2.765560342645091652e+00
2.771552889433055000e+00
2.777545436221018349e+00
2.783537983008981698e+00
2.789530529796945491e+00
2.795523076584908839e+00
2.801515623372872188e+00
2.807508170160835537e+00
2.813500716948798885e+00
2.819493263736762234e+00
2.825485810524725583e+00
2.831478357312688932e+00
2.837470904100652280e+00
2.843463450888615629e+00
2.849455997676578978e+00
2.855448544464542326e+00
2.861441091252505675e+00
2.867433638040469024e+00
2.873426184828432373e+00
2.879418731616395721e+00
2.885411278404359070e+00
2.891403825192322419e+00
2.897396371980285767e+00
2.903388918768249116e+00
2.909381465556212465e+00
2.915374012344175814e+00
2.921366559132139162e+00
2.927359105920102511e+00
2.933351652708065860e+00
2.939344199496029209e+00
2.945336746283992557e+00
2.951329293071955906e+00
2.957321839859919255e+00
2.963314386647882603e+00
2.969306933435846396e+00
2.975299480223809745e+00
2.981292027011773094e+00
2.987284573799736442e+00
2.993277120587699791e+00
2.999269667375663140e+00
3.005262214163626489e+00
3.011254760951589837e+00
3.017247307739553186e+00
3.023239854527516535e+00
3.029232401315479883e+00
3.035224948103443232e+00
3.041217494891406581e+00
3.047210041679369930e+00
3.053202588467333278e+00
3.059195135255296627e+00
3.065187682043259976e+00
3.071180228831223324e+00
3.077172775619186673e+00
3.083165322407150022e+00
3.089157869195113371e+00
3.095150415983076719e+00
3.101142962771040068e+00
3.107135509559003417e+00
3.113128056346966765e+00
3.119120603134930114e+00
3.125113149922893463e+00
3.131105696710856812e+00
3.137098243498820160e+00
3.143090790286783509e+00
3.149083337074746858e+00
3.155075883862710207e+00
3.161068430650673555e+00
3.167060977438636904e+00
3.173053524226600697e+00
3.179046071014564045e+00
3.185038617802527394e+00
3.191031164590490743e+00
3.197023711378454092e+00
3.203016258166417440e+00
3.209008804954380789e+00
3.215001351742344138e+00
3.220993898530307487e+00
3.226986445318270835e+00
3.232978992106234184e+00
3.238971538894197533e+00
3.244964085682160881e+00
3.250956632470124230e+00
3.256949179258087579e+00
3.262941726046050928e+00
3.268934272834014276e+00
3.274926819621977625e+00
3.280919366409940974e+00
3.286911913197904322e+00
3.292904459985867671e+00
3.298897006773831020e+00
3.304889553561794369e+00
3.310882100349757717e+00
3.316874647137721066e+00
3.322867193925684415e+00
3.328859740713647763e+00
3.334852287501611112e+00
3.340844834289574461e+00
3.346837381077537810e+00
3.352829927865501602e+00
3.358822474653464951e+00
3.364815021441428300e+00
3.370807568229391649e+00
3.376800115017354997e+00
3.382792661805318346e+00
3.388785208593281695e+00
3.394777755381245044e+00
3.400770302169208392e+00
3.406762848957171741e+00
3.412755395745135090e+00
3.418747942533098438e+00
3.424740489321061787e+00
3.430733036109025136e+00
3.436725582896988485e+00
3.442718129684951833e+00
3.448710676472915182e+00
3.454703223260878531e+00
3.460695770048841879e+00
3.466688316836805228e+00
3.472680863624768577e+00
3.478673410412731926e+00
3.484665957200695274e+00
3.490658503988658623e+00
3.496651050776621972e+00
3.502643597564585320e+00
3.508636144352548669e+00
3.514628691140512018e+00
3.520621237928475367e+00
3.526613784716438715e+00
3.532606331504402064e+00
3.538598878292365413e+00
3.544591425080328762e+00
3.550583971868292110e+00
3.556576518656255903e+00
3.562569065444219252e+00
3.568561612232182600e+00
3.574554159020145949e+00
3.580546705808109298e+00
3.586539252596072647e+00
3.592531799384035995e+00
3.598524346171999344e+00
3.604516892959962693e+00
3.610509439747926042e+00
3.616501986535889390e+00
3.622494533323852739e+00
3.628487080111816088e+00
3.634479626899779436e+00
3.640472173687742785e+00
3.646464720475706134e+00
3.652457267263669483e+00
3.658449814051632831e+00
3.664442360839596180e+00
3.670434907627559529e+00
3.676427454415522877e+00
3.682420001203486226e+00
3.688412547991449575e+00
3.694405094779412924e+00
3.700397641567376272e+00
3.706390188355339621e+00
3.712382735143302970e+00
3.718375281931266318e+00
3.724367828719229667e+00
3.730360375507193016e+00
3.736352922295156809e+00
3.742345469083120157e+00
3.748338015871083506e+00
3.754330562659046855e+00
3.760323109447010204e+00
3.766315656234973552e+00
3.772308203022936901e+00
3.778300749810900250e+00
3.784293296598863598e+00
3.790285843386826947e+00
3.796278390174790296e+00
3.802270936962753645e+00
3.808263483750716993e+00
3.814256030538680342e+00
3.820248577326643691e+00
3.826241124114607040e+00
3.832233670902570388e+00
3.838226217690533737e+00
3.844218764478497086e+00
3.850211311266460434e+00
3.856203858054423783e+00
3.862196404842387132e+00
3.868188951630350481e+00
3.874181498418313829e+00
3.880174045206277178e+00
3.886166591994240527e+00
3.892159138782203875e+00
3.898151685570167224e+00
3.904144232358130573e+00
3.910136779146093922e+00
3.916129325934057270e+00
3.922121872722020619e+00
3.928114419509983968e+00
3.934106966297947316e+00
3.940099513085911109e+00
3.946092059873874458e+00
3.952084606661837807e+00
3.958077153449801155e+00
3.964069700237764504e+00
3.970062247025727853e+00
3.976054793813691202e+00
3.982047340601654550e+00
3.988039887389617899e+00
3.994032434177581248e+00
4.000024980965544152e+00
4.006017527753507501e+00
4.012010074541470850e+00
4.018002621329434199e+00
4.023995168117397547e+00
4.029987714905361784e+00
4.035980261693325133e+00
4.041972808481288482e+00
4.047965355269251830e+00
4.053957902057215179e+00
4.059950448845178528e+00
4.065942995633141877e+00
4.071935542421105225e+00
4.077928089209068574e+00
4.083920635997031923e+00
4.089913182784995271e+00
4.095905729572958620e+00
4.101898276360921969e+00
4.107890823148885318e+00
4.113883369936848666e+00
4.119875916724812015e+00
4.125868463512775364e+00
4.131861010300738712e+00
4.137853557088702061e+00
4.143846103876665410e+00
4.149838650664628759e+00
4.155831197452592107e+00
4.161823744240555456e+00
4.167816291028518805e+00
4.173808837816482153e+00
4.179801384604445502e+00
4.185793931392408851e+00
